520006000000000701300000000000400800600000050000000000041800000000030020008700000
400000805030000000000700000020000060000080400000010000000603070500200000104000000
480300000000000071020000000705000060000200800000000000001076000300000400000050000
600000803040700000000000000000504070300200000106000000020000050000080600000010000
040700060003900000000000057000000030200080000019000570600040000050100000020006084
000000520080400000030009000501000600200700000000300000600010000000000704000000030
070009300000000000000483061800002000010000050300000020400090000069075030000600010
020300000063000005800000001500009030000700000000100008087900260000006070006007004
120000009050090203000000004030000000001800000000024600000067050002041070900000000
600302000050000010000000000702600000000000054300000000080150000000040200000000700
003000000406000000080231006200090071500000008000040003000070000000000090001068007
100050600050109020000000000000000064370004010800000000000061803007000000900005000
060501090100090053900007000040800070000000508081705030000050200000000000076008000
602050000000003040000000000430008000010000200000000700500270000000000081000600000
602050000000004030000000000430008000010000200000000700500270000000000081000600000
000450009000000003009000001060008700008002060904605000000830000600001000001000540
100000000006000003080000401000678504000900000000500760002000000590814000000300900
098010000200000060000000000000302050084000000000600000000040809300500000000000100
450000030000801000090000000000050090200700000800000000010040000000000702000600800
100000900064001070070040000000300000308900500007000020000060709000004010000129030
000014000030000200070000000000900030601000000000000080200000104000050600000708000
023700006800060590900000700000040970307096002000000000500470000000002000080000000
800000302600035000009000000000002609000070001050000030000908206020750000000003100
000520000090003004000000700010000040080045300600010008702000000008000032040080010
000800009087300040600700000008500970000000000043007500000003000030001450400002001
100000308070400000000000000203010000000000095800000000050600070000080200040000000
002470058000000000000001040000020009528090400009000100000000030300007500685002000
008400030000300000900001574790008000000007005140000020009060002050000400000090056
020050009006180073000000000000500008000938000010000060001000020000004000097300400
400000805030000000000700000020000060000050400000010000000603070500200000109000000
100000308060400000000000000203010000000000095800000000050600070000080200040000000
092300000000080100000000000107040000000000065800000000060502000400000700000900000
020400009400189000000062050000006300300940500000008010000000000802004000964000007
000007095000001000860020000020073008500000060003004900305000417240000000000000000
249060003030000200800000005000006000000200000010040820090500700004000001070003000
020000006000041000007800001000000700003700000600412000010074005008050070000003900
000000009200060500050720040870000601100000908000000050040000000000612000003050000
306070000000000051800000000010405000700000600000200000020000040000080300000500000
003400000000700030700001506200008007000940000000000900600000250805302001000600008
100007860007008010800200009000000002400010000009005000608000000000050900000009304
000050001100000070060000080000004000009010300000596020080062007007000000305070200
052400000000070100000000000000802000300000600090500000106030000000000089700000000
000000689400000070000026000200060340004900802000000000008705000060830000007000000
100000308060400000000000000203010000000000075800000000070500060000080200040000000
083400000000070050000000000040108000000000027000300000206050000500000800000000100
080040000300000010000000020005000406900100800200000000000309000060000500000200000
009000003000009000700000506006500400000300000028000000300750600600000000000120308
000000801700200000000506000000700050010000300080000000500000020030080000600040000
000500000000000506970000020004802000250100030080030000000004070013050090020003100
000000801700200000000506000000700050010000300080000000500000020040080000600030000
000000801600200000000705000000600020010000300080000000200000070030080000500040000
000000940000090005300005070080400100463000000000007080800700000700000028050260000
000000801600200000000705000000600020010000300080000000200000070040080000500030000
000000071020800000000403000700060050000200300900000000600070000080000400000050000
530020900024030050009000000000010827000700000000098100000000000006400009102050430
400000508030000000000700000020000060000050800000010000000603070500200000108000000
103007089000009307080000000000003400004005000000600208340000060000090000800700004
000000000200100007030500100005700200009000000000002046500006093002037600008000000
008090100060500020000006000030107050000000009004000300050000200070003080200700004
005000987040050001007000000200048000090100000600200000300600200000009070000000500
000080400400000007006900003000000070007006205090002001003000050080014000000320010
380600000009000000020030510000005000030010060000400000017050080000000900000007032
006003000097005130020091080000000070600000000041000009000500800000304700004016005
020400050000006004400000910800000000030704000270803000009501020500002030000000080
020000000305062009068000300050000000000640802004700900003000001000006000170430000
630800010097000000000000030000100006100050000040006000500200001004000907300007480
040500000800090030076020000014600000000009007000003600001004050060000003007100200
047080001000000000000600700600003570000005000010060000280040000090100040000020690
000007290000000300904600005200000700030008900000750000060000000000000400570002008
500200009000000120100804700060507001050000008000080200020340000601000000070018000
600302000040000080000000000702600000000000054300000000080150000000080200000000700
000501000090000800060000000401000000000070090000000030800000105000200400000360000
020456009006000000709000000000010090000938002005002004060200800502000030010000000
000020019001600500000730804067000050300050000000090000089000000050000402000000030
023006000006700003080000500000090000000800040000237905500900302000002008070000050
026039000000600001900000700000004009050000200008500000300200900400007620000000004
120400000000080003700006000000000008000002045005900060010004090070000800960010020
100006700000000032009210000004005800870000006900060000000000050040138000000000403
020000000006780100000002000001005004000040000900320605000000008007000030060203957
050307040100000000030000000508030610000800509060010000000040006000692700002000900
000000040002004001070050090003007000040060000600100800020000100850900060000080003
000060004006030000100400507700000805000800000608000090002090000400003200009700100
501094000020605900000000000000002017030040060000000500000000020000030800060809300
003450080000000000709031000240007000008009005000010020070000290800000000002000604
800000500000002000090070000004000978032000000100090020001080094050000600009600000
120000080400000002009003500000908000070020050001004200000065007000000061008300000
100006080064000000000040007000090600070400500500070100050000320300008000400000000
000360000850000000904008000000006800000000017009004500010500060400009002000003000
000000000900000084062300050000600045300010006000900070000100000405002000030800009
340600000007000000020080570000005000070010020000400000036020010000000900000007082
600302000010000050000000000702600000000000084300000000080150000000080200000000700